0.25    SN      CTP     5.35    2.14    10.77   16.85   0.09    
0.25    RL      CTP     8.58    3.07    13.04   22.45   0.10    
0.25    LF      CTP     0.91    0.25    12.06   18.28   0.10    
0.50    SN      CTP     5.06    0.93    8.93    10.91   0.09    
0.50    RL      CTP     7.73    3.69    13.19   19.15   0.10    
0.50    LF      CTP     0.93    0.25    11.80   16.50   0.10    
1.00    SN      CTP     3.76    1.05    10.22   8.17    0.09    
1.00    RL      CTP     4.52    3.29    13.60   15.12   0.09    
1.00    LF      CTP     0.90    0.37    12.19   11.85   0.11    
2.00    SN      CTP     3.48    1.18    10.51   6.46    0.10    
2.00    RL      CTP     5.23    3.18    14.11   12.58   0.11    
2.00    LF      CTP     0.92    0.23    12.16   10.03   0.10    
4.00    SN      CTP     3.75    1.55    11.33   5.49    0.10    
4.00    RL      CTP     5.37    3.62    16.41   7.83    0.12    
4.00    LF      CTP     0.89    0.19    12.82   7.15    0.11    
8.00    SN      CTP     3.03    1.04    10.51   3.04    0.10    
8.00    RL      CTP     5.95    3.54    15.99   3.86    0.11    
8.00    LF      CTP     0.90    0.22    11.76   4.17    0.10    
16.00   SN      CTP     2.45    1.08    14.63   1.49    0.09    
16.00   RL      CTP     4.91    3.58    26.80   1.51    0.09    
16.00   LF      CTP     0.85    0.14    12.67   1.88    0.09    
