0.25    SN      ORW     3.98    12.34   4.08    26.77   3.20    
0.25    RL      ORW     3.57    18.19   12.03   22.45   1.03    
0.25    LF      ORW     1.44    7.14    8.38    6.82    0.15    
0.50    SN      ORW     3.24    8.36    2.72    7.93    2.79    
0.50    RL      ORW     3.09    18.39   11.61   10.37   1.07    
0.50    LF      ORW     1.47    10.73   10.18   5.53    0.19    
1.00    SN      ORW     3.22    8.22    2.47    8.17    2.78    
1.00    RL      ORW     3.20    17.81   10.55   10.87   1.16    
1.00    LF      ORW     1.46    10.50   9.96    5.59    0.19    
2.00    SN      ORW     3.62    9.83    4.42    6.81    2.37    
2.00    RL      ORW     3.89    19.80   11.13   11.60   1.48    
2.00    LF      ORW     1.50    8.35    7.20    5.51    0.28    
4.00    SN      ORW     3.05    7.20    3.58    3.98    2.49    
4.00    RL      ORW     3.96    18.74   9.24    7.95    1.89    
4.00    LF      ORW     1.33    8.48    6.93    4.25    0.27    
8.00    SN      ORW     3.02    7.15    3.02    2.38    2.64    
8.00    RL      ORW     4.17    19.34   7.59    5.05    2.15    
8.00    LF      ORW     1.40    9.09    5.53    2.82    0.39    
16.00   SN      ORW     4.77    9.38    2.57    1.84    5.38    
16.00   RL      ORW     5.98    18.95   5.44    3.34    3.65    
16.00   LF      ORW     1.33    7.00    4.40    1.76    0.47    
